0.0000 0.0000
0.5000 0.0002
1.0000 0.0008
1.5000 0.0018
2.0000 0.0031
2.5000 0.0049
3.0000 0.0071
3.5000 0.0096
4.0000 0.0125
4.5000 0.0158
5.0000 0.0194
5.5000 0.0234
6.0000 0.0277
6.5000 0.0324
7.0000 0.0374
7.5000 0.0428
8.0000 0.0484
8.5000 0.0543
9.0000 0.0606
9.5000 0.0671
10.0000 0.0738
10.5000 0.0808
11.0000 0.0880
11.5000 0.0955
12.0000 0.1031
12.5000 0.1110
13.0000 0.1190
13.5000 0.1271
14.0000 0.1354
14.5000 0.1438
15.0000 0.1523
15.5000 0.1608
16.0000 0.1695
16.5000 0.1782
17.0000 0.1868
17.5000 0.1955
18.0000 0.2042
18.5000 0.2129
19.0000 0.2215
19.5000 0.2300
20.0000 0.2384
20.5000 0.2467
21.0000 0.2549
21.5000 0.2629
22.0000 0.2707
22.5000 0.2783
23.0000 0.2858
23.5000 0.2929
24.0000 0.2999
24.5000 0.3065
25.0000 0.3129
25.5000 0.3189
26.0000 0.3246
26.5000 0.3300
27.0000 0.3350
27.5000 0.3396
28.0000 0.3438
28.5000 0.3477
29.0000 0.3510
29.5000 0.3540
30.0000 0.3564
30.5000 0.3584
31.0000 0.3599
31.5000 0.3609
32.0000 0.3614
32.5000 0.3614
33.0000 0.3608
33.5000 0.3597
34.0000 0.3580
34.5000 0.3558
35.0000 0.3530
35.5000 0.3496
36.0000 0.3456
36.5000 0.3410
37.0000 0.3359
37.5000 0.3301
38.0000 0.3238
38.5000 0.3168
39.0000 0.3093
39.5000 0.3011
40.0000 0.2924
40.5000 0.2830
41.0000 0.2730
41.5000 0.2625
42.0000 0.2513
42.5000 0.2396
43.0000 0.2273
43.5000 0.2144
44.0000 0.2010
44.5000 0.1870
45.0000 0.1724
45.5000 0.1574
46.0000 0.1418
46.5000 0.1257
47.0000 0.1091
47.5000 0.0920
48.0000 0.0745
48.5000 0.0565
49.0000 0.0381
49.5000 0.0192
50.0000 0.0000
50.5000 -0.0196
51.0000 -0.0396
51.5000 -0.0598
52.0000 -0.0804
52.5000 -0.1013
53.0000 -0.1225
53.5000 -0.1439
54.0000 -0.1655
54.5000 -0.1874
55.0000 -0.2094
55.5000 -0.2315
56.0000 -0.2537
56.5000 -0.2761
57.0000 -0.2985
57.5000 -0.3209
58.0000 -0.3434
58.5000 -0.3658
59.0000 -0.3882
59.5000 -0.4105
60.0000 -0.4328
60.5000 -0.4548
61.0000 -0.4767
61.5000 -0.4985
62.0000 -0.5200
62.5000 -0.5412
63.0000 -0.5622
63.5000 -0.5828
64.0000 -0.6031
64.5000 -0.6231
65.0000 -0.6426
65.5000 -0.6617
66.0000 -0.6804
66.5000 -0.6985
67.0000 -0.7162
67.5000 -0.7333
68.0000 -0.7499
68.5000 -0.7658
69.0000 -0.7812
69.5000 -0.7959
70.0000 -0.8099
70.5000 -0.8232
71.0000 -0.8358
71.5000 -0.8477
72.0000 -0.8587
72.5000 -0.8690
73.0000 -0.8785
73.5000 -0.8872
74.0000 -0.8950
74.5000 -0.9019
75.0000 -0.9080
75.5000 -0.9131
76.0000 -0.9173
76.5000 -0.9206
77.0000 -0.9230
77.5000 -0.9243
78.0000 -0.9247
78.5000 -0.9241
79.0000 -0.9226
79.5000 -0.9200
80.0000 -0.9163
80.5000 -0.9117
81.0000 -0.9061
81.5000 -0.8994
82.0000 -0.8917
82.5000 -0.8829
83.0000 -0.8731
83.5000 -0.8623
84.0000 -0.8504
84.5000 -0.8376
85.0000 -0.8236
85.5000 -0.8087
86.0000 -0.7928
86.5000 -0.7758
87.0000 -0.7579
87.5000 -0.7389
88.0000 -0.7190
88.5000 -0.6981
89.0000 -0.6763
89.5000 -0.6536
90.0000 -0.6299
90.5000 -0.6053
91.0000 -0.5799
91.5000 -0.5536
92.0000 -0.5265
92.5000 -0.4985
93.0000 -0.4698
93.5000 -0.4402
94.0000 -0.4100
94.5000 -0.3790
95.0000 -0.3474
95.5000 -0.3151
96.0000 -0.2821
96.5000 -0.2486
97.0000 -0.2145
97.5000 -0.1799
98.0000 -0.1448
98.5000 -0.1092
99.0000 -0.0732
99.5000 -0.0368
100.0000 -0.0000
100.5000 0.0371
101.0000 0.0745
101.5000 0.1121
102.0000 0.1499
102.5000 0.1879
103.0000 0.2260
103.5000 0.2641
104.0000 0.3024
104.5000 0.3406
105.0000 0.3788
105.5000 0.4169
106.0000 0.4549
106.5000 0.4927
107.0000 0.5303
107.5000 0.5677
108.0000 0.6048
108.5000 0.6415
109.0000 0.6779
109.5000 0.7138
110.0000 0.7493
110.5000 0.7843
111.0000 0.8188
111.5000 0.8526
112.0000 0.8859
112.5000 0.9185
113.0000 0.9503
113.5000 0.9815
114.0000 1.0118
114.5000 1.0413
115.0000 1.0700
115.5000 1.0978
116.0000 1.1247
116.5000 1.1506
117.0000 1.1755
117.5000 1.1993
118.0000 1.2221
118.5000 1.2438
119.0000 1.2644
119.5000 1.2838
120.0000 1.3021
120.5000 1.3191
121.0000 1.3349
121.5000 1.3495
122.0000 1.3627
122.5000 1.3747
123.0000 1.3853
123.5000 1.3946
124.0000 1.4025
124.5000 1.4091
125.0000 1.4142
125.5000 1.4179
126.0000 1.4203
126.5000 1.4211
127.0000 1.4206
127.5000 1.4186
128.0000 1.4151
128.5000 1.4102
129.0000 1.4038
129.5000 1.3959
130.0000 1.3866
130.5000 1.3758
131.0000 1.3635
131.5000 1.3498
132.0000 1.3346
132.5000 1.3180
133.0000 1.3000
133.5000 1.2805
134.0000 1.2596
134.5000 1.2374
135.0000 1.2137
135.5000 1.1887
136.0000 1.1623
136.5000 1.1346
137.0000 1.1056
137.5000 1.0754
138.0000 1.0439
138.5000 1.0111
139.0000 0.9772
139.5000 0.9420
140.0000 0.9058
140.5000 0.8684
141.0000 0.8300
141.5000 0.7905
142.0000 0.7501
142.5000 0.7086
143.0000 0.6663
143.5000 0.6230
144.0000 0.5789
144.5000 0.5340
145.0000 0.4883
145.5000 0.4420
146.0000 0.3949
146.5000 0.3472
147.0000 0.2990
147.5000 0.2502
148.0000 0.2009
148.5000 0.1512
149.0000 0.1011
149.5000 0.0507
150.0000 0.0000
150.5000 -0.0509
151.0000 -0.1021
151.5000 -0.1533
152.0000 -0.2046
152.5000 -0.2560
153.0000 -0.3073
153.5000 -0.3585
154.0000 -0.4096
154.5000 -0.4605
155.0000 -0.5112
155.5000 -0.5615
156.0000 -0.6115
156.5000 -0.6611
157.0000 -0.7103
157.5000 -0.7589
158.0000 -0.8070
158.5000 -0.8544
159.0000 -0.9012
159.5000 -0.9473
160.0000 -0.9926
160.5000 -1.0370
161.0000 -1.0807
161.5000 -1.1234
162.0000 -1.1651
162.5000 -1.2058
163.0000 -1.2455
163.5000 -1.2840
164.0000 -1.3215
164.5000 -1.3577
165.0000 -1.3927
165.5000 -1.4264
166.0000 -1.4589
166.5000 -1.4899
167.0000 -1.5196
167.5000 -1.5479
168.0000 -1.5747
168.5000 -1.6001
169.0000 -1.6239
169.5000 -1.6461
170.0000 -1.6668
170.5000 -1.6859
171.0000 -1.7034
171.5000 -1.7192
172.0000 -1.7333
172.5000 -1.7458
173.0000 -1.7565
173.5000 -1.7655
174.0000 -1.7728
174.5000 -1.7783
175.0000 -1.7820
175.5000 -1.7840
176.0000 -1.7842
176.5000 -1.7825
177.0000 -1.7791
177.5000 -1.7739
178.0000 -1.7669
178.5000 -1.7582
179.0000 -1.7476
179.5000 -1.7352
180.0000 -1.7211
180.5000 -1.7052
181.0000 -1.6875
181.5000 -1.6681
182.0000 -1.6470
182.5000 -1.6241
183.0000 -1.5996
183.5000 -1.5734
184.0000 -1.5455
184.5000 -1.5160
185.0000 -1.4850
185.5000 -1.4523
186.0000 -1.4181
186.5000 -1.3824
187.0000 -1.3452
187.5000 -1.3066
188.0000 -1.2665
188.5000 -1.2251
189.0000 -1.1824
189.5000 -1.1383
190.0000 -1.0930
190.5000 -1.0465
191.0000 -0.9989
191.5000 -0.9501
192.0000 -0.9002
192.5000 -0.8494
193.0000 -0.7975
193.5000 -0.7448
194.0000 -0.6911
194.5000 -0.6367
195.0000 -0.5815
195.5000 -0.5256
196.0000 -0.4690
196.5000 -0.4119
197.0000 -0.3542
197.5000 -0.2960
198.0000 -0.2374
198.5000 -0.1784
199.0000 -0.1192
199.5000 -0.0597
200.0000 -0.0000
200.5000 0.0598
201.0000 0.1197
201.5000 0.1795
202.0000 0.2394
202.5000 0.2990
203.0000 0.3585
203.5000 0.4178
204.0000 0.4767
204.5000 0.5353
205.0000 0.5935
205.5000 0.6512
206.0000 0.7083
206.5000 0.7648
207.0000 0.8207
207.5000 0.8758
208.0000 0.9302
208.5000 0.9837
209.0000 1.0363
209.5000 1.0880
210.0000 1.1386
210.5000 1.1883
211.0000 1.2368
211.5000 1.2841
212.0000 1.3303
212.5000 1.3751
213.0000 1.4187
213.5000 1.4609
214.0000 1.5018
214.5000 1.5412
215.0000 1.5791
215.5000 1.6154
216.0000 1.6503
216.5000 1.6835
217.0000 1.7151
217.5000 1.7450
218.0000 1.7732
218.5000 1.7997
219.0000 1.8244
219.5000 1.8473
220.0000 1.8684
220.5000 1.8877
221.0000 1.9051
221.5000 1.9206
222.0000 1.9342
222.5000 1.9460
223.0000 1.9557
223.5000 1.9636
224.0000 1.9695
224.5000 1.9734
225.0000 1.9754
225.5000 1.9754
226.0000 1.9734
226.5000 1.9695
227.0000 1.9635
227.5000 1.9557
228.0000 1.9458
228.5000 1.9341
229.0000 1.9203
229.5000 1.9047
230.0000 1.8871
230.5000 1.8677
231.0000 1.8463
231.5000 1.8231
232.0000 1.7981
232.5000 1.7713
233.0000 1.7426
233.5000 1.7122
234.0000 1.6801
234.5000 1.6463
235.0000 1.6109
235.5000 1.5738
236.0000 1.5351
236.5000 1.4948
237.0000 1.4531
237.5000 1.4099
238.0000 1.3652
238.5000 1.3192
239.0000 1.2718
239.5000 1.2231
240.0000 1.1733
240.5000 1.1222
241.0000 1.0699
241.5000 1.0166
242.0000 0.9623
242.5000 0.9070
243.0000 0.8507
243.5000 0.7936
244.0000 0.7357
244.5000 0.6771
245.0000 0.6177
245.5000 0.5578
246.0000 0.4972
246.5000 0.4362
247.0000 0.3747
247.5000 0.3128
248.0000 0.2506
248.5000 0.1882
249.0000 0.1256
249.5000 0.0628
250.0000 0.0000
250.5000 -0.0628
251.0000 -0.1256
251.5000 -0.1882
252.0000 -0.2506
252.5000 -0.3128
253.0000 -0.3747
253.5000 -0.4362
254.0000 -0.4972
254.5000 -0.5578
255.0000 -0.6177
255.5000 -0.6771
256.0000 -0.7357
256.5000 -0.7936
257.0000 -0.8507
257.5000 -0.9070
258.0000 -0.9623
258.5000 -1.0166
259.0000 -1.0699
259.5000 -1.1222
260.0000 -1.1733
260.5000 -1.2231
261.0000 -1.2718
261.5000 -1.3192
262.0000 -1.3652
262.5000 -1.4099
263.0000 -1.4531
263.5000 -1.4948
264.0000 -1.5351
264.5000 -1.5738
265.0000 -1.6109
265.5000 -1.6463
266.0000 -1.6801
266.5000 -1.7122
267.0000 -1.7426
267.5000 -1.7713
268.0000 -1.7981
268.5000 -1.8231
269.0000 -1.8463
269.5000 -1.8677
270.0000 -1.8871
270.5000 -1.9047
271.0000 -1.9203
271.5000 -1.9341
272.0000 -1.9458
272.5000 -1.9557
273.0000 -1.9635
273.5000 -1.9695
274.0000 -1.9734
274.5000 -1.9754
275.0000 -1.9754
275.5000 -1.9734
276.0000 -1.9695
276.5000 -1.9636
277.0000 -1.9557
277.5000 -1.9460
278.0000 -1.9342
278.5000 -1.9206
279.0000 -1.9051
279.5000 -1.8877
280.0000 -1.8684
280.5000 -1.8473
281.0000 -1.8244
281.5000 -1.7997
282.0000 -1.7732
282.5000 -1.7450
283.0000 -1.7151
283.5000 -1.6835
284.0000 -1.6503
284.5000 -1.6154
285.0000 -1.5791
285.5000 -1.5412
286.0000 -1.5018
286.5000 -1.4609
287.0000 -1.4187
287.5000 -1.3751
288.0000 -1.3303
288.5000 -1.2841
289.0000 -1.2368
289.5000 -1.1883
290.0000 -1.1386
290.5000 -1.0880
291.0000 -1.0363
291.5000 -0.9837
292.0000 -0.9302
292.5000 -0.8758
293.0000 -0.8207
293.5000 -0.7648
294.0000 -0.7083
294.5000 -0.6512
295.0000 -0.5935
295.5000 -0.5353
296.0000 -0.4767
296.5000 -0.4178
297.0000 -0.3585
297.5000 -0.2990
298.0000 -0.2394
298.5000 -0.1795
299.0000 -0.1197
299.5000 -0.0598
300.0000 -0.0000
300.5000 0.0597
301.0000 0.1192
301.5000 0.1784
302.0000 0.2374
302.5000 0.2960
303.0000 0.3542
303.5000 0.4119
304.0000 0.4690
304.5000 0.5256
305.0000 0.5815
305.5000 0.6367
306.0000 0.6911
306.5000 0.7448
307.0000 0.7975
307.5000 0.8494
308.0000 0.9002
308.5000 0.9501
309.0000 0.9989
309.5000 1.0465
310.0000 1.0930
310.5000 1.1383
311.0000 1.1824
311.5000 1.2251
312.0000 1.2665
312.5000 1.3066
313.0000 1.3452
313.5000 1.3824
314.0000 1.4181
314.5000 1.4523
315.0000 1.4850
315.5000 1.5160
316.0000 1.5455
316.5000 1.5734
317.0000 1.5996
317.5000 1.6241
318.0000 1.6470
318.5000 1.6681
319.0000 1.6875
319.5000 1.7052
320.0000 1.7211
320.5000 1.7352
321.0000 1.7476
321.5000 1.7582
322.0000 1.7669
322.5000 1.7739
323.0000 1.7791
323.5000 1.7825
324.0000 1.7842
324.5000 1.7840
325.0000 1.7820
325.5000 1.7783
326.0000 1.7728
326.5000 1.7655
327.0000 1.7565
327.5000 1.7458
328.0000 1.7333
328.5000 1.7192
329.0000 1.7034
329.5000 1.6859
330.0000 1.6668
330.5000 1.6461
331.0000 1.6239
331.5000 1.6001
332.0000 1.5747
332.5000 1.5479
333.0000 1.5196
333.5000 1.4899
334.0000 1.4589
334.5000 1.4264
335.0000 1.3927
335.5000 1.3577
336.0000 1.3215
336.5000 1.2840
337.0000 1.2455
337.5000 1.2058
338.0000 1.1651
338.5000 1.1234
339.0000 1.0807
339.5000 1.0370
340.0000 0.9926
340.5000 0.9473
341.0000 0.9012
341.5000 0.8544
342.0000 0.8070
342.5000 0.7589
343.0000 0.7103
343.5000 0.6611
344.0000 0.6115
344.5000 0.5615
345.0000 0.5112
345.5000 0.4605
346.0000 0.4096
346.5000 0.3585
347.0000 0.3073
347.5000 0.2560
348.0000 0.2046
348.5000 0.1533
349.0000 0.1021
349.5000 0.0509
350.0000 0.0000
350.5000 -0.0507
351.0000 -0.1011
351.5000 -0.1512
352.0000 -0.2009
352.5000 -0.2502
353.0000 -0.2990
353.5000 -0.3472
354.0000 -0.3949
354.5000 -0.4420
355.0000 -0.4883
355.5000 -0.5340
356.0000 -0.5789
356.5000 -0.6230
357.0000 -0.6663
357.5000 -0.7086
358.0000 -0.7501
358.5000 -0.7905
359.0000 -0.8300
359.5000 -0.8684
360.0000 -0.9058
360.5000 -0.9420
361.0000 -0.9772
361.5000 -1.0111
362.0000 -1.0439
362.5000 -1.0754
363.0000 -1.1056
363.5000 -1.1346
364.0000 -1.1623
364.5000 -1.1887
365.0000 -1.2137
365.5000 -1.2374
366.0000 -1.2596
366.5000 -1.2805
367.0000 -1.3000
367.5000 -1.3180
368.0000 -1.3346
368.5000 -1.3498
369.0000 -1.3635
369.5000 -1.3758
370.0000 -1.3866
370.5000 -1.3959
371.0000 -1.4038
371.5000 -1.4102
372.0000 -1.4151
372.5000 -1.4186
373.0000 -1.4206
373.5000 -1.4211
374.0000 -1.4203
374.5000 -1.4179
375.0000 -1.4142
375.5000 -1.4091
376.0000 -1.4025
376.5000 -1.3946
377.0000 -1.3853
377.5000 -1.3747
378.0000 -1.3627
378.5000 -1.3495
379.0000 -1.3349
379.5000 -1.3191
380.0000 -1.3021
380.5000 -1.2838
381.0000 -1.2644
381.5000 -1.2438
382.0000 -1.2221
382.5000 -1.1993
383.0000 -1.1755
383.5000 -1.1506
384.0000 -1.1247
384.5000 -1.0978
385.0000 -1.0700
385.5000 -1.0413
386.0000 -1.0118
386.5000 -0.9815
387.0000 -0.9503
387.5000 -0.9185
388.0000 -0.8859
388.5000 -0.8526
389.0000 -0.8188
389.5000 -0.7843
390.0000 -0.7493
390.5000 -0.7138
391.0000 -0.6779
391.5000 -0.6415
392.0000 -0.6048
392.5000 -0.5677
393.0000 -0.5303
393.5000 -0.4927
394.0000 -0.4549
394.5000 -0.4169
395.0000 -0.3788
395.5000 -0.3406
396.0000 -0.3024
396.5000 -0.2641
397.0000 -0.2260
397.5000 -0.1879
398.0000 -0.1499
398.5000 -0.1121
399.0000 -0.0745
399.5000 -0.0371
400.0000 -0.0000
400.5000 0.0368
401.0000 0.0732
401.5000 0.1092
402.0000 0.1448
402.5000 0.1799
403.0000 0.2145
403.5000 0.2486
404.0000 0.2821
404.5000 0.3151
405.0000 0.3474
405.5000 0.3790
406.0000 0.4100
406.5000 0.4402
407.0000 0.4698
407.5000 0.4985
408.0000 0.5265
408.5000 0.5536
409.0000 0.5799
409.5000 0.6053
410.0000 0.6299
410.5000 0.6536
411.0000 0.6763
411.5000 0.6981
412.0000 0.7190
412.5000 0.7389
413.0000 0.7579
413.5000 0.7758
414.0000 0.7928
414.5000 0.8087
415.0000 0.8236
415.5000 0.8376
416.0000 0.8504
416.5000 0.8623
417.0000 0.8731
417.5000 0.8829
418.0000 0.8917
418.5000 0.8994
419.0000 0.9061
419.5000 0.9117
420.0000 0.9163
420.5000 0.9200
421.0000 0.9226
421.5000 0.9241
422.0000 0.9247
422.5000 0.9243
423.0000 0.9230
423.5000 0.9206
424.0000 0.9173
424.5000 0.9131
425.0000 0.9080
425.5000 0.9019
426.0000 0.8950
426.5000 0.8872
427.0000 0.8785
427.5000 0.8690
428.0000 0.8587
428.5000 0.8477
429.0000 0.8358
429.5000 0.8232
430.0000 0.8099
430.5000 0.7959
431.0000 0.7812
431.5000 0.7658
432.0000 0.7499
432.5000 0.7333
433.0000 0.7162
433.5000 0.6985
434.0000 0.6804
434.5000 0.6617
435.0000 0.6426
435.5000 0.6231
436.0000 0.6031
436.5000 0.5828
437.0000 0.5622
437.5000 0.5412
438.0000 0.5200
438.5000 0.4985
439.0000 0.4767
439.5000 0.4548
440.0000 0.4328
440.5000 0.4105
441.0000 0.3882
441.5000 0.3658
442.0000 0.3434
442.5000 0.3209
443.0000 0.2985
443.5000 0.2761
444.0000 0.2537
444.5000 0.2315
445.0000 0.2094
445.5000 0.1874
446.0000 0.1655
446.5000 0.1439
447.0000 0.1225
447.5000 0.1013
448.0000 0.0804
448.5000 0.0598
449.0000 0.0396
449.5000 0.0196
450.0000 0.0000
450.5000 -0.0192
451.0000 -0.0381
451.5000 -0.0565
452.0000 -0.0745
452.5000 -0.0920
453.0000 -0.1091
453.5000 -0.1257
454.0000 -0.1418
454.5000 -0.1574
455.0000 -0.1724
455.5000 -0.1870
456.0000 -0.2010
456.5000 -0.2144
457.0000 -0.2273
457.5000 -0.2396
458.0000 -0.2513
458.5000 -0.2625
459.0000 -0.2730
459.5000 -0.2830
460.0000 -0.2924
460.5000 -0.3011
461.0000 -0.3093
461.5000 -0.3168
462.0000 -0.3238
462.5000 -0.3301
463.0000 -0.3359
463.5000 -0.3410
464.0000 -0.3456
464.5000 -0.3496
465.0000 -0.3530
465.5000 -0.3558
466.0000 -0.3580
466.5000 -0.3597
467.0000 -0.3608
467.5000 -0.3614
468.0000 -0.3614
468.5000 -0.3609
469.0000 -0.3599
469.5000 -0.3584
470.0000 -0.3564
470.5000 -0.3540
471.0000 -0.3510
471.5000 -0.3477
472.0000 -0.3438
472.5000 -0.3396
473.0000 -0.3350
473.5000 -0.3300
474.0000 -0.3246
474.5000 -0.3189
475.0000 -0.3129
475.5000 -0.3065
476.0000 -0.2999
476.5000 -0.2929
477.0000 -0.2858
477.5000 -0.2783
478.0000 -0.2707
478.5000 -0.2629
479.0000 -0.2549
479.5000 -0.2467
480.0000 -0.2384
480.5000 -0.2300
481.0000 -0.2215
481.5000 -0.2129
482.0000 -0.2042
482.5000 -0.1955
483.0000 -0.1868
483.5000 -0.1782
484.0000 -0.1695
484.5000 -0.1608
485.0000 -0.1523
485.5000 -0.1438
486.0000 -0.1354
486.5000 -0.1271
487.0000 -0.1190
487.5000 -0.1110
488.0000 -0.1031
488.5000 -0.0955
489.0000 -0.0880
489.5000 -0.0808
490.0000 -0.0738
490.5000 -0.0671
491.0000 -0.0606
491.5000 -0.0543
492.0000 -0.0484
492.5000 -0.0428
493.0000 -0.0374
493.5000 -0.0324
494.0000 -0.0277
494.5000 -0.0234
495.0000 -0.0194
495.5000 -0.0158
496.0000 -0.0125
496.5000 -0.0096
497.0000 -0.0071
497.5000 -0.0049
498.0000 -0.0031
498.5000 -0.0018
499.0000 -0.0008
499.5000 -0.0002
500.0000 -0.0000
500.5000 -0.0002
501.0000 -0.0008
501.5000 -0.0018
502.0000 -0.0031
502.5000 -0.0049
503.0000 -0.0071
503.5000 -0.0096
504.0000 -0.0125
504.5000 -0.0158
505.0000 -0.0194
505.5000 -0.0234
506.0000 -0.0277
506.5000 -0.0324
507.0000 -0.0374
507.5000 -0.0428
508.0000 -0.0484
508.5000 -0.0543
509.0000 -0.0606
509.5000 -0.0671
510.0000 -0.0738
510.5000 -0.0808
511.0000 -0.0880
511.5000 -0.0955
512.0000 -0.1031
512.5000 -0.1110
513.0000 -0.1190
513.5000 -0.1271
514.0000 -0.1354
514.5000 -0.1438
515.0000 -0.1523
515.5000 -0.1608
516.0000 -0.1695
516.5000 -0.1782
517.0000 -0.1868
517.5000 -0.1955
518.0000 -0.2042
518.5000 -0.2129
519.0000 -0.2215
519.5000 -0.2300
520.0000 -0.2384
520.5000 -0.2467
521.0000 -0.2549
521.5000 -0.2629
522.0000 -0.2707
522.5000 -0.2783
523.0000 -0.2858
523.5000 -0.2929
524.0000 -0.2999
524.5000 -0.3065
525.0000 -0.3129
525.5000 -0.3189
526.0000 -0.3246
526.5000 -0.3300
527.0000 -0.3350
527.5000 -0.3396
528.0000 -0.3438
528.5000 -0.3477
529.0000 -0.3510
529.5000 -0.3540
530.0000 -0.3564
530.5000 -0.3584
531.0000 -0.3599
531.5000 -0.3609
532.0000 -0.3614
532.5000 -0.3614
533.0000 -0.3608
533.5000 -0.3597
534.0000 -0.3580
534.5000 -0.3558
535.0000 -0.3530
535.5000 -0.3496
536.0000 -0.3456
536.5000 -0.3410
537.0000 -0.3359
537.5000 -0.3301
538.0000 -0.3238
538.5000 -0.3168
539.0000 -0.3093
539.5000 -0.3011
540.0000 -0.2924
540.5000 -0.2830
541.0000 -0.2730
541.5000 -0.2625
542.0000 -0.2513
542.5000 -0.2396
543.0000 -0.2273
543.5000 -0.2144
544.0000 -0.2010
544.5000 -0.1870
545.0000 -0.1724
545.5000 -0.1574
546.0000 -0.1418
546.5000 -0.1257
547.0000 -0.1091
547.5000 -0.0920
548.0000 -0.0745
548.5000 -0.0565
549.0000 -0.0381
549.5000 -0.0192
550.0000 0.0000
550.5000 0.0196
551.0000 0.0396
551.5000 0.0598
552.0000 0.0804
552.5000 0.1013
553.0000 0.1225
553.5000 0.1439
554.0000 0.1655
554.5000 0.1874
555.0000 0.2094
555.5000 0.2315
556.0000 0.2537
556.5000 0.2761
557.0000 0.2985
557.5000 0.3209
558.0000 0.3434
558.5000 0.3658
559.0000 0.3882
559.5000 0.4105
560.0000 0.4328
560.5000 0.4548
561.0000 0.4767
561.5000 0.4985
562.0000 0.5200
562.5000 0.5412
563.0000 0.5622
563.5000 0.5828
564.0000 0.6031
564.5000 0.6231
565.0000 0.6426
565.5000 0.6617
566.0000 0.6804
566.5000 0.6985
567.0000 0.7162
567.5000 0.7333
568.0000 0.7499
568.5000 0.7658
569.0000 0.7812
569.5000 0.7959
570.0000 0.8099
570.5000 0.8232
571.0000 0.8358
571.5000 0.8477
572.0000 0.8587
572.5000 0.8690
573.0000 0.8785
573.5000 0.8872
574.0000 0.8950
574.5000 0.9019
575.0000 0.9080
575.5000 0.9131
576.0000 0.9173
576.5000 0.9206
577.0000 0.9230
577.5000 0.9243
578.0000 0.9247
578.5000 0.9241
579.0000 0.9226
579.5000 0.9200
580.0000 0.9163
580.5000 0.9117
581.0000 0.9061
581.5000 0.8994
582.0000 0.8917
582.5000 0.8829
583.0000 0.8731
583.5000 0.8623
584.0000 0.8504
584.5000 0.8376
585.0000 0.8236
585.5000 0.8087
586.0000 0.7928
586.5000 0.7758
587.0000 0.7579
587.5000 0.7389
588.0000 0.7190
588.5000 0.6981
589.0000 0.6763
589.5000 0.6536
590.0000 0.6299
590.5000 0.6053
591.0000 0.5799
591.5000 0.5536
592.0000 0.5265
592.5000 0.4985
593.0000 0.4698
593.5000 0.4402
594.0000 0.4100
594.5000 0.3790
595.0000 0.3474
595.5000 0.3151
596.0000 0.2821
596.5000 0.2486
597.0000 0.2145
597.5000 0.1799
598.0000 0.1448
598.5000 0.1092
599.0000 0.0732
599.5000 0.0368
600.0000 0.0000
600.5000 -0.0371
601.0000 -0.0745
601.5000 -0.1121
602.0000 -0.1499
602.5000 -0.1879
603.0000 -0.2260
603.5000 -0.2641
604.0000 -0.3024
604.5000 -0.3406
605.0000 -0.3788
605.5000 -0.4169
606.0000 -0.4549
606.5000 -0.4927
607.0000 -0.5303
607.5000 -0.5677
608.0000 -0.6048
608.5000 -0.6415
609.0000 -0.6779
609.5000 -0.7138
610.0000 -0.7493
610.5000 -0.7843
611.0000 -0.8188
611.5000 -0.8526
612.0000 -0.8859
612.5000 -0.9185
613.0000 -0.9503
613.5000 -0.9815
614.0000 -1.0118
614.5000 -1.0413
615.0000 -1.0700
615.5000 -1.0978
616.0000 -1.1247
616.5000 -1.1506
617.0000 -1.1755
617.5000 -1.1993
618.0000 -1.2221
618.5000 -1.2438
619.0000 -1.2644
619.5000 -1.2838
620.0000 -1.3021
620.5000 -1.3191
621.0000 -1.3349
621.5000 -1.3495
622.0000 -1.3627
622.5000 -1.3747
623.0000 -1.3853
623.5000 -1.3946
624.0000 -1.4025
624.5000 -1.4091
625.0000 -1.4142
625.5000 -1.4179
626.0000 -1.4203
626.5000 -1.4211
627.0000 -1.4206
627.5000 -1.4186
628.0000 -1.4151
628.5000 -1.4102
629.0000 -1.4038
629.5000 -1.3959
630.0000 -1.3866
630.5000 -1.3758
631.0000 -1.3635
631.5000 -1.3498
632.0000 -1.3346
632.5000 -1.3180
633.0000 -1.3000
633.5000 -1.2805
634.0000 -1.2596
634.5000 -1.2374
635.0000 -1.2137
635.5000 -1.1887
636.0000 -1.1623
636.5000 -1.1346
637.0000 -1.1056
637.5000 -1.0754
638.0000 -1.0439
638.5000 -1.0111
639.0000 -0.9772
639.5000 -0.9420
640.0000 -0.9058
640.5000 -0.8684
641.0000 -0.8300
641.5000 -0.7905
642.0000 -0.7501
642.5000 -0.7086
643.0000 -0.6663
643.5000 -0.6230
644.0000 -0.5789
644.5000 -0.5340
645.0000 -0.4883
645.5000 -0.4420
646.0000 -0.3949
646.5000 -0.3472
647.0000 -0.2990
647.5000 -0.2502
648.0000 -0.2009
648.5000 -0.1512
649.0000 -0.1011
649.5000 -0.0507
650.0000 -0.0000
650.5000 0.0509
651.0000 0.1021
651.5000 0.1533
652.0000 0.2046
652.5000 0.2560
653.0000 0.3073
653.5000 0.3585
654.0000 0.4096
654.5000 0.4605
655.0000 0.5112
655.5000 0.5615
656.0000 0.6115
656.5000 0.6611
657.0000 0.7103
657.5000 0.7589
658.0000 0.8070
658.5000 0.8544
659.0000 0.9012
659.5000 0.9473
660.0000 0.9926
660.5000 1.0370
661.0000 1.0807
661.5000 1.1234
662.0000 1.1651
662.5000 1.2058
663.0000 1.2455
663.5000 1.2840
664.0000 1.3215
664.5000 1.3577
665.0000 1.3927
665.5000 1.4264
666.0000 1.4589
666.5000 1.4899
667.0000 1.5196
667.5000 1.5479
668.0000 1.5747
668.5000 1.6001
669.0000 1.6239
669.5000 1.6461
670.0000 1.6668
670.5000 1.6859
671.0000 1.7034
671.5000 1.7192
672.0000 1.7333
672.5000 1.7458
673.0000 1.7565
673.5000 1.7655
674.0000 1.7728
674.5000 1.7783
675.0000 1.7820
675.5000 1.7840
676.0000 1.7842
676.5000 1.7825
677.0000 1.7791
677.5000 1.7739
678.0000 1.7669
678.5000 1.7582
679.0000 1.7476
679.5000 1.7352
680.0000 1.7211
680.5000 1.7052
681.0000 1.6875
681.5000 1.6681
682.0000 1.6470
682.5000 1.6241
683.0000 1.5996
683.5000 1.5734
684.0000 1.5455
684.5000 1.5160
685.0000 1.4850
685.5000 1.4523
686.0000 1.4181
686.5000 1.3824
687.0000 1.3452
687.5000 1.3066
688.0000 1.2665
688.5000 1.2251
689.0000 1.1824
689.5000 1.1383
690.0000 1.0930
690.5000 1.0465
691.0000 0.9989
691.5000 0.9501
692.0000 0.9002
692.5000 0.8494
693.0000 0.7975
693.5000 0.7448
694.0000 0.6911
694.5000 0.6367
695.0000 0.5815
695.5000 0.5256
696.0000 0.4690
696.5000 0.4119
697.0000 0.3542
697.5000 0.2960
698.0000 0.2374
698.5000 0.1784
699.0000 0.1192
699.5000 0.0597
700.0000 0.0000
700.5000 -0.0598
701.0000 -0.1197
701.5000 -0.1795
702.0000 -0.2394
702.5000 -0.2990
703.0000 -0.3585
703.5000 -0.4178
704.0000 -0.4767
704.5000 -0.5353
705.0000 -0.5935
705.5000 -0.6512
706.0000 -0.7083
706.5000 -0.7648
707.0000 -0.8207
707.5000 -0.8758
708.0000 -0.9302
708.5000 -0.9837
709.0000 -1.0363
709.5000 -1.0880
710.0000 -1.1386
710.5000 -1.1883
711.0000 -1.2368
711.5000 -1.2841
712.0000 -1.3303
712.5000 -1.3751
713.0000 -1.4187
713.5000 -1.4609
714.0000 -1.5018
714.5000 -1.5412
715.0000 -1.5791
715.5000 -1.6154
716.0000 -1.6503
716.5000 -1.6835
717.0000 -1.7151
717.5000 -1.7450
718.0000 -1.7732
718.5000 -1.7997
719.0000 -1.8244
719.5000 -1.8473
720.0000 -1.8684
720.5000 -1.8877
721.0000 -1.9051
721.5000 -1.9206
722.0000 -1.9342
722.5000 -1.9460
723.0000 -1.9557
723.5000 -1.9636
724.0000 -1.9695
724.5000 -1.9734
725.0000 -1.9754
725.5000 -1.9754
726.0000 -1.9734
726.5000 -1.9695
727.0000 -1.9635
727.5000 -1.9557
728.0000 -1.9458
728.5000 -1.9341
729.0000 -1.9203
729.5000 -1.9047
730.0000 -1.8871
730.5000 -1.8677
731.0000 -1.8463
731.5000 -1.8231
732.0000 -1.7981
732.5000 -1.7713
733.0000 -1.7426
733.5000 -1.7122
734.0000 -1.6801
734.5000 -1.6463
735.0000 -1.6109
735.5000 -1.5738
736.0000 -1.5351
736.5000 -1.4948
737.0000 -1.4531
737.5000 -1.4099
738.0000 -1.3652
738.5000 -1.3192
739.0000 -1.2718
739.5000 -1.2231
740.0000 -1.1733
740.5000 -1.1222
741.0000 -1.0699
741.5000 -1.0166
742.0000 -0.9623
742.5000 -0.9070
743.0000 -0.8507
743.5000 -0.7936
744.0000 -0.7357
744.5000 -0.6771
745.0000 -0.6177
745.5000 -0.5578
746.0000 -0.4972
746.5000 -0.4362
747.0000 -0.3747
747.5000 -0.3128
748.0000 -0.2506
748.5000 -0.1882
749.0000 -0.1256
749.5000 -0.0628
750.0000 -0.0000
750.5000 0.0628
751.0000 0.1256
751.5000 0.1882
752.0000 0.2506
752.5000 0.3128
753.0000 0.3747
753.5000 0.4362
754.0000 0.4972
754.5000 0.5578
755.0000 0.6177
755.5000 0.6771
756.0000 0.7357
756.5000 0.7936
757.0000 0.8507
757.5000 0.9070
758.0000 0.9623
758.5000 1.0166
759.0000 1.0699
759.5000 1.1222
760.0000 1.1733
760.5000 1.2231
761.0000 1.2718
761.5000 1.3192
762.0000 1.3652
762.5000 1.4099
763.0000 1.4531
763.5000 1.4948
764.0000 1.5351
764.5000 1.5738
765.0000 1.6109
765.5000 1.6463
766.0000 1.6801
766.5000 1.7122
767.0000 1.7426
767.5000 1.7713
768.0000 1.7981
768.5000 1.8231
769.0000 1.8463
769.5000 1.8677
770.0000 1.8871
770.5000 1.9047
771.0000 1.9203
771.5000 1.9341
772.0000 1.9458
772.5000 1.9557
773.0000 1.9635
773.5000 1.9695
774.0000 1.9734
774.5000 1.9754
775.0000 1.9754
775.5000 1.9734
776.0000 1.9695
776.5000 1.9636
777.0000 1.9557
777.5000 1.9460
778.0000 1.9342
778.5000 1.9206
779.0000 1.9051
779.5000 1.8877
780.0000 1.8684
780.5000 1.8473
781.0000 1.8244
781.5000 1.7997
782.0000 1.7732
782.5000 1.7450
783.0000 1.7151
783.5000 1.6835
784.0000 1.6503
784.5000 1.6154
785.0000 1.5791
785.5000 1.5412
786.0000 1.5018
786.5000 1.4609
787.0000 1.4187
787.5000 1.3751
788.0000 1.3303
788.5000 1.2841
789.0000 1.2368
789.5000 1.1883
790.0000 1.1386
790.5000 1.0880
791.0000 1.0363
791.5000 0.9837
792.0000 0.9302
792.5000 0.8758
793.0000 0.8207
793.5000 0.7648
794.0000 0.7083
794.5000 0.6512
795.0000 0.5935
795.5000 0.5353
796.0000 0.4767
796.5000 0.4178
797.0000 0.3585
797.5000 0.2990
798.0000 0.2394
798.5000 0.1795
799.0000 0.1197
799.5000 0.0598
800.0000 0.0000
800.5000 -0.0597
801.0000 -0.1192
801.5000 -0.1784
802.0000 -0.2374
802.5000 -0.2960
803.0000 -0.3542
803.5000 -0.4119
804.0000 -0.4690
804.5000 -0.5256
805.0000 -0.5815
805.5000 -0.6367
806.0000 -0.6911
806.5000 -0.7448
807.0000 -0.7975
807.5000 -0.8494
808.0000 -0.9002
808.5000 -0.9501
809.0000 -0.9989
809.5000 -1.0465
810.0000 -1.0930
810.5000 -1.1383
811.0000 -1.1824
811.5000 -1.2251
812.0000 -1.2665
812.5000 -1.3066
813.0000 -1.3452
813.5000 -1.3824
814.0000 -1.4181
814.5000 -1.4523
815.0000 -1.4850
815.5000 -1.5160
816.0000 -1.5455
816.5000 -1.5734
817.0000 -1.5996
817.5000 -1.6241
818.0000 -1.6470
818.5000 -1.6681
819.0000 -1.6875
819.5000 -1.7052
820.0000 -1.7211
820.5000 -1.7352
821.0000 -1.7476
821.5000 -1.7582
822.0000 -1.7669
822.5000 -1.7739
823.0000 -1.7791
823.5000 -1.7825
824.0000 -1.7842
824.5000 -1.7840
825.0000 -1.7820
825.5000 -1.7783
826.0000 -1.7728
826.5000 -1.7655
827.0000 -1.7565
827.5000 -1.7458
828.0000 -1.7333
828.5000 -1.7192
829.0000 -1.7034
829.5000 -1.6859
830.0000 -1.6668
830.5000 -1.6461
831.0000 -1.6239
831.5000 -1.6001
832.0000 -1.5747
832.5000 -1.5479
833.0000 -1.5196
833.5000 -1.4899
834.0000 -1.4589
834.5000 -1.4264
835.0000 -1.3927
835.5000 -1.3577
836.0000 -1.3215
836.5000 -1.2840
837.0000 -1.2455
837.5000 -1.2058
838.0000 -1.1651
838.5000 -1.1234
839.0000 -1.0807
839.5000 -1.0370
840.0000 -0.9926
840.5000 -0.9473
841.0000 -0.9012
841.5000 -0.8544
842.0000 -0.8070
842.5000 -0.7589
843.0000 -0.7103
843.5000 -0.6611
844.0000 -0.6115
844.5000 -0.5615
845.0000 -0.5112
845.5000 -0.4605
846.0000 -0.4096
846.5000 -0.3585
847.0000 -0.3073
847.5000 -0.2560
848.0000 -0.2046
848.5000 -0.1533
849.0000 -0.1021
849.5000 -0.0509
850.0000 -0.0000
850.5000 0.0507
851.0000 0.1011
851.5000 0.1512
852.0000 0.2009
852.5000 0.2502
853.0000 0.2990
853.5000 0.3472
854.0000 0.3949
854.5000 0.4420
855.0000 0.4883
855.5000 0.5340
856.0000 0.5789
856.5000 0.6230
857.0000 0.6663
857.5000 0.7086
858.0000 0.7501
858.5000 0.7905
859.0000 0.8300
859.5000 0.8684
860.0000 0.9058
860.5000 0.9420
861.0000 0.9772
861.5000 1.0111
862.0000 1.0439
862.5000 1.0754
863.0000 1.1056
863.5000 1.1346
864.0000 1.1623
864.5000 1.1887
865.0000 1.2137
865.5000 1.2374
866.0000 1.2596
866.5000 1.2805
867.0000 1.3000
867.5000 1.3180
868.0000 1.3346
868.5000 1.3498
869.0000 1.3635
869.5000 1.3758
870.0000 1.3866
870.5000 1.3959
871.0000 1.4038
871.5000 1.4102
872.0000 1.4151
872.5000 1.4186
873.0000 1.4206
873.5000 1.4211
874.0000 1.4203
874.5000 1.4179
875.0000 1.4142
875.5000 1.4091
876.0000 1.4025
876.5000 1.3946
877.0000 1.3853
877.5000 1.3747
878.0000 1.3627
878.5000 1.3495
879.0000 1.3349
879.5000 1.3191
880.0000 1.3021
880.5000 1.2838
881.0000 1.2644
881.5000 1.2438
882.0000 1.2221
882.5000 1.1993
883.0000 1.1755
883.5000 1.1506
884.0000 1.1247
884.5000 1.0978
885.0000 1.0700
885.5000 1.0413
886.0000 1.0118
886.5000 0.9815
887.0000 0.9503
887.5000 0.9185
888.0000 0.8859
888.5000 0.8526
889.0000 0.8188
889.5000 0.7843
890.0000 0.7493
890.5000 0.7138
891.0000 0.6779
891.5000 0.6415
892.0000 0.6048
892.5000 0.5677
893.0000 0.5303
893.5000 0.4927
894.0000 0.4549
894.5000 0.4169
895.0000 0.3788
895.5000 0.3406
896.0000 0.3024
896.5000 0.2641
897.0000 0.2260
897.5000 0.1879
898.0000 0.1499
898.5000 0.1121
899.0000 0.0745
899.5000 0.0371
900.0000 0.0000
900.5000 -0.0368
901.0000 -0.0732
901.5000 -0.1092
902.0000 -0.1448
902.5000 -0.1799
903.0000 -0.2145
903.5000 -0.2486
904.0000 -0.2821
904.5000 -0.3151
905.0000 -0.3474
905.5000 -0.3790
906.0000 -0.4100
906.5000 -0.4402
907.0000 -0.4698
907.5000 -0.4985
908.0000 -0.5265
908.5000 -0.5536
909.0000 -0.5799
909.5000 -0.6053
910.0000 -0.6299
910.5000 -0.6536
911.0000 -0.6763
911.5000 -0.6981
912.0000 -0.7190
912.5000 -0.7389
913.0000 -0.7579
913.5000 -0.7758
914.0000 -0.7928
914.5000 -0.8087
915.0000 -0.8236
915.5000 -0.8376
916.0000 -0.8504
916.5000 -0.8623
917.0000 -0.8731
917.5000 -0.8829
918.0000 -0.8917
918.5000 -0.8994
919.0000 -0.9061
919.5000 -0.9117
920.0000 -0.9163
920.5000 -0.9200
921.0000 -0.9226
921.5000 -0.9241
922.0000 -0.9247
922.5000 -0.9243
923.0000 -0.9230
923.5000 -0.9206
924.0000 -0.9173
924.5000 -0.9131
925.0000 -0.9080
925.5000 -0.9019
926.0000 -0.8950
926.5000 -0.8872
927.0000 -0.8785
927.5000 -0.8690
928.0000 -0.8587
928.5000 -0.8477
929.0000 -0.8358
929.5000 -0.8232
930.0000 -0.8099
930.5000 -0.7959
931.0000 -0.7812
931.5000 -0.7658
932.0000 -0.7499
932.5000 -0.7333
933.0000 -0.7162
933.5000 -0.6985
934.0000 -0.6804
934.5000 -0.6617
935.0000 -0.6426
935.5000 -0.6231
936.0000 -0.6031
936.5000 -0.5828
937.0000 -0.5622
937.5000 -0.5412
938.0000 -0.5200
938.5000 -0.4985
939.0000 -0.4767
939.5000 -0.4548
940.0000 -0.4328
940.5000 -0.4105
941.0000 -0.3882
941.5000 -0.3658
942.0000 -0.3434
942.5000 -0.3209
943.0000 -0.2985
943.5000 -0.2761
944.0000 -0.2537
944.5000 -0.2315
945.0000 -0.2094
945.5000 -0.1874
946.0000 -0.1655
946.5000 -0.1439
947.0000 -0.1225
947.5000 -0.1013
948.0000 -0.0804
948.5000 -0.0598
949.0000 -0.0396
949.5000 -0.0196
950.0000 0.0000
950.5000 0.0192
951.0000 0.0381
951.5000 0.0565
952.0000 0.0745
952.5000 0.0920
953.0000 0.1091
953.5000 0.1257
954.0000 0.1418
954.5000 0.1574
955.0000 0.1724
955.5000 0.1870
956.0000 0.2010
956.5000 0.2144
957.0000 0.2273
957.5000 0.2396
958.0000 0.2513
958.5000 0.2625
959.0000 0.2730
959.5000 0.2830
960.0000 0.2924
960.5000 0.3011
961.0000 0.3093
961.5000 0.3168
962.0000 0.3238
962.5000 0.3301
963.0000 0.3359
963.5000 0.3410
964.0000 0.3456
964.5000 0.3496
965.0000 0.3530
965.5000 0.3558
966.0000 0.3580
966.5000 0.3597
967.0000 0.3608
967.5000 0.3614
968.0000 0.3614
968.5000 0.3609
969.0000 0.3599
969.5000 0.3584
970.0000 0.3564
970.5000 0.3540
971.0000 0.3510
971.5000 0.3477
972.0000 0.3438
972.5000 0.3396
973.0000 0.3350
973.5000 0.3300
974.0000 0.3246
974.5000 0.3189
975.0000 0.3129
975.5000 0.3065
976.0000 0.2999
976.5000 0.2929
977.0000 0.2858
977.5000 0.2783
978.0000 0.2707
978.5000 0.2629
979.0000 0.2549
979.5000 0.2467
980.0000 0.2384
980.5000 0.2300
981.0000 0.2215
981.5000 0.2129
982.0000 0.2042
982.5000 0.1955
983.0000 0.1868
983.5000 0.1782
984.0000 0.1695
984.5000 0.1608
985.0000 0.1523
985.5000 0.1438
986.0000 0.1354
986.5000 0.1271
987.0000 0.1190
987.5000 0.1110
988.0000 0.1031
988.5000 0.0955
989.0000 0.0880
989.5000 0.0808
990.0000 0.0738
990.5000 0.0671
991.0000 0.0606
991.5000 0.0543
992.0000 0.0484
992.5000 0.0428
993.0000 0.0374
993.5000 0.0324
994.0000 0.0277
994.5000 0.0234
995.0000 0.0194
995.5000 0.0158
996.0000 0.0125
996.5000 0.0096
997.0000 0.0071
997.5000 0.0049
998.0000 0.0031
998.5000 0.0018
999.0000 0.0008
999.5000 0.0002
1000.0000 0.0000